C:\Python27\python.exe "C:/Users/Sky/OneDrive/Fall2015 Multimedia Cplus pro/PythonProject/KhoaH_LosslessProject.py"

Reading and printing the value (pixels) of the oringinal image:

[[ 88  88  88  89  90  91  92  93  94  95  93  95  96  98  97  94]
 [ 93  91  91  90  92  93  94  94  95  95  92  93  95  95  95  96]
 [ 95  95  95  95  96  97  94  96  97  96  98  97  98  99  95  97]
 [ 97  96  98  97  98  94  95  97  99 100  99 101 100 100  98  98]
 [ 99 100  97  99 100 100  98  98 100 101 100  99 101 102  99 100]
 [100 101 100  99 101 102  99 100 103 102 103 101 101 100 102 101]
 [100 102 103 101 101 100 102 103 103 105 104 104 103 104 104 103]
 [103 105 103 105 105 104 104 104 102 101 100 100 100 101 102 103]
 [104 104 105 105 105 104 104 106 102 103 101 101 102 101 102 102]
 [102 105 105 105 106 104 106 104 103 101 100 100 101 102 102 103]
 [102 105 105 105 106 104 106 104 103 101 100 100 101 102 102 103]
 [102 105 105 105 106 104 105 104 103 101 102 100 102 102 102 103]
 [104 105 106 105 106 104 106 103 103 102 100 100 101 102 102 103]
 [103 105 107 107 106 104 106 104 103 101 100 100 101 102 102 103]
 [103 105 106 108 106 104 106 105 103 101 101 100 101 103 102 105]
 [102 105 105 105 106 104 106 107 104 103 102 100 101 104 102 104]]


*******  In the case of X^ = A ***********
The coefficients after the prediction in the case of X^ = A

[[88  0  0  1  1  1  1  1  1  1 -2  2  1  2 -1 -3]
 [ 5 -2  0 -1  2  1  1  0  1  0 -3  1  2  0  0  1]
 [ 2  0  0  0  1  1 -3  2  1 -1  2 -1  1  1 -4  2]
 [ 2 -1  2 -1  1 -4  1  2  2  1 -1  2 -1  0 -2  0]
 [ 2  1 -3  2  1  0 -2  0  2  1 -1 -1  2  1 -3  1]
 [ 1  1 -1 -1  2  1 -3  1  3 -1  1 -2  0 -1  2 -1]
 [ 0  2  1 -2  0 -1  2  1  0  2 -1  0 -1  1  0 -1]
 [ 3  2 -2  2  0 -1  0  0 -2 -1 -1  0  0  1  1  1]
 [ 1  0  1  0  0 -1  0  2 -4  1 -2  0  1 -1  1  0]
 [-2  3  0  0  1 -2  2 -2 -1 -2 -1  0  1  1  0  1]
 [ 0  3  0  0  1 -2  2 -2 -1 -2 -1  0  1  1  0  1]
 [ 0  3  0  0  1 -2  1 -1 -1 -2  1 -2  2  0  0  1]
 [ 2  1  1 -1  1 -2  2 -3  0 -1 -2  0  1  1  0  1]
 [-1  2  2  0 -1 -2  2 -2 -1 -2 -1  0  1  1  0  1]
 [ 0  2  1  2 -2 -2  2 -1 -2 -2  0 -1  1  2 -1  3]
 [-1  3  0  0  1 -2  2  1 -3 -1 -1 -2  1  3 -2  2]]


This is compressed image in the form of binary (after Huffman table) in the case of X^ = A

01011000    1           1           00          00          00          00          00          00          00          01011       0100        00          0100        011         0101011     
0101010100  01011       1           011         0100        00          00          1           00          1           0101011     00          0100        1           1           00          
0100        1           1           1           00          00          0101011     0100        00          011         0100        011         00          00          010101011   0100        
0100        011         0100        011         00          010101011   00          0100        0100        00          011         0100        011         1           01011       1           
0100        00          0101011     0100        00          1           01011       1           0100        00          011         011         0100        00          0101011     00          
00          00          011         011         0100        00          0101011     00          010100      011         00          01011       1           011         0100        011         
1           0100        00          01011       1           011         0100        00          1           0100        011         1           011         00          1           011         
010100      0100        01011       0100        1           011         1           1           01011       011         011         1           1           00          00          00          
00          1           00          1           1           011         1           0100        010101011   00          01011       1           00          011         00          1           
01011       010100      1           1           00          01011       0100        01011       011         01011       011         1           00          00          1           00          
1           010100      1           1           00          01011       0100        01011       011         01011       011         1           00          00          1           00          
1           010100      1           1           00          01011       00          011         011         01011       00          01011       0100        1           1           00          
0100        00          00          011         00          01011       0100        0101011     1           011         01011       1           00          00          1           00          
011         0100        0100        1           011         01011       0100        01011       011         01011       011         1           00          00          1           00          
1           0100        00          0100        01011       01011       0100        011         01011       01011       1           011         00          0100        011         010100      
011         010100      1           1           00          01011       0100        00          0101011     011         011         01011       00          010100      01011       0100        


The number of bits of the compressed image (in the case of X^ = A): 777

Compression ratio (in the case of X^ = A): 2.64

Bits/pixel for the compressed image (in the case of X^ = A): 3.03

The image after Huffman decoder: 

[[88  0  0  1  1  1  1  1  1  1 -2  2  1  2 -1 -3]
 [ 5 -2  0 -1  2  1  1  0  1  0 -3  1  2  0  0  1]
 [ 2  0  0  0  1  1 -3  2  1 -1  2 -1  1  1 -4  2]
 [ 2 -1  2 -1  1 -4  1  2  2  1 -1  2 -1  0 -2  0]
 [ 2  1 -3  2  1  0 -2  0  2  1 -1 -1  2  1 -3  1]
 [ 1  1 -1 -1  2  1 -3  1  3 -1  1 -2  0 -1  2 -1]
 [ 0  2  1 -2  0 -1  2  1  0  2 -1  0 -1  1  0 -1]
 [ 3  2 -2  2  0 -1  0  0 -2 -1 -1  0  0  1  1  1]
 [ 1  0  1  0  0 -1  0  2 -4  1 -2  0  1 -1  1  0]
 [-2  3  0  0  1 -2  2 -2 -1 -2 -1  0  1  1  0  1]
 [ 0  3  0  0  1 -2  2 -2 -1 -2 -1  0  1  1  0  1]
 [ 0  3  0  0  1 -2  1 -1 -1 -2  1 -2  2  0  0  1]
 [ 2  1  1 -1  1 -2  2 -3  0 -1 -2  0  1  1  0  1]
 [-1  2  2  0 -1 -2  2 -2 -1 -2 -1  0  1  1  0  1]
 [ 0  2  1  2 -2 -2  2 -1 -2 -2  0 -1  1  2 -1  3]
 [-1  3  0  0  1 -2  2  1 -3 -1 -1 -2  1  3 -2  2]]


The image ater decompression 

[[ 88  88  88  89  90  91  92  93  94  95  93  95  96  98  97  94]
 [ 93  91  91  90  92  93  94  94  95  95  92  93  95  95  95  96]
 [ 95  95  95  95  96  97  94  96  97  96  98  97  98  99  95  97]
 [ 97  96  98  97  98  94  95  97  99 100  99 101 100 100  98  98]
 [ 99 100  97  99 100 100  98  98 100 101 100  99 101 102  99 100]
 [100 101 100  99 101 102  99 100 103 102 103 101 101 100 102 101]
 [100 102 103 101 101 100 102 103 103 105 104 104 103 104 104 103]
 [103 105 103 105 105 104 104 104 102 101 100 100 100 101 102 103]
 [104 104 105 105 105 104 104 106 102 103 101 101 102 101 102 102]
 [102 105 105 105 106 104 106 104 103 101 100 100 101 102 102 103]
 [102 105 105 105 106 104 106 104 103 101 100 100 101 102 102 103]
 [102 105 105 105 106 104 105 104 103 101 102 100 102 102 102 103]
 [104 105 106 105 106 104 106 103 103 102 100 100 101 102 102 103]
 [103 105 107 107 106 104 106 104 103 101 100 100 101 102 102 103]
 [103 105 106 108 106 104 106 105 103 101 101 100 101 103 102 105]
 [102 105 105 105 106 104 106 107 104 103 102 100 101 104 102 104]]


The RMS Error in the case of X^ = A is 0.0


**********************************************************
**********************************************************


*******  In the case of X^ = B ***********
The coefficients after the prediction in the case of X^ = B

[[88  0  0  1  1  1  1  1  1  1 -2  2  1  2 -1 -3]
 [ 5  3  3  1  2  2  2  1  1  0 -1 -2 -1 -3 -2  2]
 [ 2  4  4  5  4  4  0  2  2  1  6  4  3  4  0  1]
 [ 2  1  3  2  2 -3  1  1  2  4  1  4  2  1  3  1]
 [ 2  4 -1  2  2  6  3  1  1  1  1 -2  1  2  1  2]
 [ 1  1  3  0  1  2  1  2  3  1  3  2  0 -2  3  1]
 [ 0  1  3  2  0 -2  3  3  0  3  1  3  2  4  2  2]
 [ 3  3  0  4  4  4  2  1 -1 -4 -4 -4 -3 -3 -2  0]
 [ 1 -1  2  0  0  0  0  2  0  2  1  1  2  0  0 -1]
 [-2  1  0  0  1  0  2 -2  1 -2 -1 -1 -1  1  0  1]
 [ 0  0  0  0  0  0  0  0  0  0  0  0  0  0  0  0]
 [ 0  0  0  0  0  0 -1  0  0  0  2  0  1  0  0  0]
 [ 2  0  1  0  0  0  1 -1  0  1 -2  0 -1  0  0  0]
 [-1  0  1  2  0  0  0  1  0 -1  0  0  0  0  0  0]
 [ 0  0 -1  1  0  0  0  1  0  0  1  0  0  1  0  2]
 [-1  0 -1 -3  0  0  0  2  1  2  1  0  0  1  0 -1]]


This is compressed image in the form of binary (after Huffman table) in the case of X^ = B

01011000    1           1           00          00          00          00          00          00          00          01011       0100        00          0100        011         0101011     
0101010100  010100      010100      00          0100        0100        0100        00          00          1           011         01011       011         0101011     01011       0100        
0100        01010100    01010100    0101010100  01010100    01010100    1           0100        0100        00          01010101010001010100    010100      01010100    1           00          
0100        00          010100      0100        0100        0101011     00          00          0100        01010100    00          01010100    0100        00          010100      00          
0100        01010100    011         0100        0100        010101010100010100      00          00          00          00          01011       00          0100        00          0100        
00          00          010100      1           00          0100        00          0100        010100      00          010100      0100        1           01011       010100      00          
1           00          010100      0100        1           01011       010100      010100      1           010100      00          010100      0100        01010100    0100        0100        
010100      010100      1           01010100    01010100    01010100    0100        00          011         010101011   010101011   010101011   0101011     0101011     01011       1           
00          011         0100        1           1           1           1           0100        1           0100        00          00          0100        1           1           011         
01011       00          1           1           00          1           0100        01011       00          01011       011         011         011         00          1           00          
1           1           1           1           1           1           1           1           1           1           1           1           1           1           1           1           
1           1           1           1           1           1           011         1           1           1           0100        1           00          1           1           1           
0100        1           00          1           1           1           00          011         1           00          01011       1           011         1           1           1           
011         1           00          0100        1           1           1           00          1           011         1           1           1           1           1           1           
1           1           011         00          1           1           1           00          1           1           00          1           1           00          1           0100        
011         1           011         0101011     1           1           1           0100        00          0100        00          1           1           00          1           011         


The number of bits of the compressed image (in the case of X^ = B): 790

Compression ratio (in the case of X^ = B): 2.59

Bits/pixel for the compressed image (in the case of X^ = B): 3.09

The image after Huffman decoder: 

[[88  0  0  1  1  1  1  1  1  1 -2  2  1  2 -1 -3]
 [ 5  3  3  1  2  2  2  1  1  0 -1 -2 -1 -3 -2  2]
 [ 2  4  4  5  4  4  0  2  2  1  6  4  3  4  0  1]
 [ 2  1  3  2  2 -3  1  1  2  4  1  4  2  1  3  1]
 [ 2  4 -1  2  2  6  3  1  1  1  1 -2  1  2  1  2]
 [ 1  1  3  0  1  2  1  2  3  1  3  2  0 -2  3  1]
 [ 0  1  3  2  0 -2  3  3  0  3  1  3  2  4  2  2]
 [ 3  3  0  4  4  4  2  1 -1 -4 -4 -4 -3 -3 -2  0]
 [ 1 -1  2  0  0  0  0  2  0  2  1  1  2  0  0 -1]
 [-2  1  0  0  1  0  2 -2  1 -2 -1 -1 -1  1  0  1]
 [ 0  0  0  0  0  0  0  0  0  0  0  0  0  0  0  0]
 [ 0  0  0  0  0  0 -1  0  0  0  2  0  1  0  0  0]
 [ 2  0  1  0  0  0  1 -1  0  1 -2  0 -1  0  0  0]
 [-1  0  1  2  0  0  0  1  0 -1  0  0  0  0  0  0]
 [ 0  0 -1  1  0  0  0  1  0  0  1  0  0  1  0  2]
 [-1  0 -1 -3  0  0  0  2  1  2  1  0  0  1  0 -1]]


The image ater decompression 

[[ 88  88  88  89  90  91  92  93  94  95  93  95  96  98  97  94]
 [ 93  91  91  90  92  93  94  94  95  95  92  93  95  95  95  96]
 [ 95  95  95  95  96  97  94  96  97  96  98  97  98  99  95  97]
 [ 97  96  98  97  98  94  95  97  99 100  99 101 100 100  98  98]
 [ 99 100  97  99 100 100  98  98 100 101 100  99 101 102  99 100]
 [100 101 100  99 101 102  99 100 103 102 103 101 101 100 102 101]
 [100 102 103 101 101 100 102 103 103 105 104 104 103 104 104 103]
 [103 105 103 105 105 104 104 104 102 101 100 100 100 101 102 103]
 [104 104 105 105 105 104 104 106 102 103 101 101 102 101 102 102]
 [102 105 105 105 106 104 106 104 103 101 100 100 101 102 102 103]
 [102 105 105 105 106 104 106 104 103 101 100 100 101 102 102 103]
 [102 105 105 105 106 104 105 104 103 101 102 100 102 102 102 103]
 [104 105 106 105 106 104 106 103 103 102 100 100 101 102 102 103]
 [103 105 107 107 106 104 106 104 103 101 100 100 101 102 102 103]
 [103 105 106 108 106 104 106 105 103 101 101 100 101 103 102 105]
 [102 105 105 105 106 104 106 107 104 103 102 100 101 104 102 104]]


The RMS Error in the case of X^ = B is 0.0


**********************************************************
**********************************************************


*******  In the case of X^ = C ***********
The coefficients after the prediction in the case of X^ = C

[[88  0  0  1  1  1  1  1  1  1 -2  2  1  2 -1 -3]
 [ 5  3  3  2  3  3  3  2  2  1 -3  0  0 -1 -3 -1]
 [ 2  2  4  4  6  5  1  2  3  1  3  5  5  4  0  2]
 [ 2  1  3  2  3 -2 -2  3  3  3  3  3  3  2 -1  3]
 [ 2  3  1  1  3  2  4  3  3  2  0  0  0  2 -1  2]
 [ 1  2  0  2  2  2 -1  2  5  2  2  1  2 -1  0  2]
 [ 0  2  2  1  2 -1  0  4  3  2  2  1  2  3  4  1]
 [ 3  5  1  2  4  3  4  2 -1 -2 -5 -4 -4 -2 -2 -1]
 [ 1  1  0  2  0 -1  0  2 -2  1  0  1  2  1  1  0]
 [-2  1  1  0  1 -1  2  0 -3 -1 -3 -1  0  0  1  1]
 [ 0  3  0  0  1 -2  2 -2 -1 -2 -1  0  1  1  0  1]
 [ 0  3  0  0  1 -2  1 -2 -1 -2  1  0  2  1  0  1]
 [ 2  3  1  0  1 -2  2 -2 -1 -1 -1 -2  1  0  0  1]
 [-1  1  2  1  1 -2  2 -2  0 -2 -2  0  1  1  0  1]
 [ 0  2  1  1 -1 -2  2 -1 -1 -2  0  0  1  2  0  3]
 [-1  2  0 -1 -2 -2  2  1 -1  0  1 -1  1  3 -1  2]]


This is compressed image in the form of binary (after Huffman table) in the case of X^ = C

01011000    1           1           00          00          00          00          00          00          00          01011       0100        00          0100        011         0101011     
0101010100  010100      010100      0100        010100      010100      010100      0100        0100        00          0101011     1           1           011         0101011     011         
0100        0100        01010100    01010100    0101010101000101010100  00          0100        010100      00          010100      0101010100  0101010100  01010100    1           0100        
0100        00          010100      0100        010100      01011       01011       010100      010100      010100      010100      010100      010100      0100        011         010100      
0100        010100      00          00          010100      0100        01010100    010100      010100      0100        1           1           1           0100        011         0100        
00          0100        1           0100        0100        0100        011         0100        0101010100  0100        0100        00          0100        011         1           0100        
1           0100        0100        00          0100        011         1           01010100    010100      0100        0100        00          0100        010100      01010100    00          
010100      0101010100  00          0100        01010100    010100      01010100    0100        011         01011       01010101011 010101011   010101011   01011       01011       011         
00          00          1           0100        1           011         1           0100        01011       00          1           00          0100        00          00          1           
01011       00          00          1           00          011         0100        1           0101011     011         0101011     011         1           1           00          00          
1           010100      1           1           00          01011       0100        01011       011         01011       011         1           00          00          1           00          
1           010100      1           1           00          01011       00          01011       011         01011       00          1           0100        00          1           00          
0100        010100      00          1           00          01011       0100        01011       011         011         011         01011       00          1           1           00          
011         00          0100        00          00          01011       0100        01011       1           01011       01011       1           00          00          1           00          
1           0100        00          00          011         01011       0100        011         011         01011       1           1           00          0100        1           010100      
011         0100        1           011         01011       01011       0100        00          011         1           00          011         00          010100      011         0100        


The number of bits of the compressed image (in the case of X^ = C): 949

Compression ratio (in the case of X^ = C): 2.16

Bits/pixel for the compressed image (in the case of X^ = C): 3.7

The image after Huffman decoder: 

[[88  0  0  1  1  1  1  1  1  1 -2  2  1  2 -1 -3]
 [ 5  3  3  2  3  3  3  2  2  1 -3  0  0 -1 -3 -1]
 [ 2  2  4  4  6  5  1  2  3  1  3  5  5  4  0  2]
 [ 2  1  3  2  3 -2 -2  3  3  3  3  3  3  2 -1  3]
 [ 2  3  1  1  3  2  4  3  3  2  0  0  0  2 -1  2]
 [ 1  2  0  2  2  2 -1  2  5  2  2  1  2 -1  0  2]
 [ 0  2  2  1  2 -1  0  4  3  2  2  1  2  3  4  1]
 [ 3  5  1  2  4  3  4  2 -1 -2 -5 -4 -4 -2 -2 -1]
 [ 1  1  0  2  0 -1  0  2 -2  1  0  1  2  1  1  0]
 [-2  1  1  0  1 -1  2  0 -3 -1 -3 -1  0  0  1  1]
 [ 0  3  0  0  1 -2  2 -2 -1 -2 -1  0  1  1  0  1]
 [ 0  3  0  0  1 -2  1 -2 -1 -2  1  0  2  1  0  1]
 [ 2  3  1  0  1 -2  2 -2 -1 -1 -1 -2  1  0  0  1]
 [-1  1  2  1  1 -2  2 -2  0 -2 -2  0  1  1  0  1]
 [ 0  2  1  1 -1 -2  2 -1 -1 -2  0  0  1  2  0  3]
 [-1  2  0 -1 -2 -2  2  1 -1  0  1 -1  1  3 -1  2]]


The image ater decompression 

[[ 88  88  88  89  90  91  92  93  94  95  93  95  96  98  97  94]
 [ 93  91  91  90  92  93  94  94  95  95  92  93  95  95  95  96]
 [ 95  95  95  95  96  97  94  96  97  96  98  97  98  99  95  97]
 [ 97  96  98  97  98  94  95  97  99 100  99 101 100 100  98  98]
 [ 99 100  97  99 100 100  98  98 100 101 100  99 101 102  99 100]
 [100 101 100  99 101 102  99 100 103 102 103 101 101 100 102 101]
 [100 102 103 101 101 100 102 103 103 105 104 104 103 104 104 103]
 [103 105 103 105 105 104 104 104 102 101 100 100 100 101 102 103]
 [104 104 105 105 105 104 104 106 102 103 101 101 102 101 102 102]
 [102 105 105 105 106 104 106 104 103 101 100 100 101 102 102 103]
 [102 105 105 105 106 104 106 104 103 101 100 100 101 102 102 103]
 [102 105 105 105 106 104 105 104 103 101 102 100 102 102 102 103]
 [104 105 106 105 106 104 106 103 103 102 100 100 101 102 102 103]
 [103 105 107 107 106 104 106 104 103 101 100 100 101 102 102 103]
 [103 105 106 108 106 104 106 105 103 101 101 100 101 103 102 105]
 [102 105 105 105 106 104 106 107 104 103 102 100 101 104 102 104]]


The RMS Error in the case of X^ = C is 0.0


**********************************************************
**********************************************************


*******  In the case of X^ = A+B-C ***********
The coefficients after the prediction in the case of X^ = A+B-C

[[88  0  0  1  1  1  1  1  1  1 -2  2  1  2 -1 -3]
 [ 5 -2  0 -2  1  0  0 -1  0 -1 -1 -1  1 -2  1  4]
 [ 2  2  0  1 -1  0 -4  2  0 -1  5 -2 -1  1 -4  1]
 [ 2 -1  2 -1  0 -5  4  0  1  2 -3  3 -2 -1  2 -2]
 [ 2  2 -5  3  0  4 -3 -2  0  0  0 -3  3  1 -1  1]
 [ 1  0  2 -3  1  1 -1  1  1 -2  2 -1 -2 -2  5 -2]
 [ 0  1  2 -1 -2 -2  5  0 -3  3 -2  2 -1  2 -2  0]
 [ 3  0 -3  4  0  0 -2 -1 -2 -3  0  0  1  0  1  2]
 [ 1 -2  3 -2  0  0  0  2 -2  2 -1  0  1 -2  0 -1]
 [-2  3 -1  0  1 -1  2 -4  3 -3  1  0  0  2 -1  1]
 [ 0  0  0  0  0  0  0  0  0  0  0  0  0  0  0  0]
 [ 0  0  0  0  0  0 -1  1  0  0  2 -2  1 -1  0  0]
 [ 2 -2  1 -1  0  0  1 -2  1  1 -3  2 -1  1  0  0]
 [-1  1  1  1 -2  0  0  1 -1 -1  1  0  0  0  0  0]
 [ 0  0 -1  2 -1  0  0  1 -1  0  1 -1  0  1 -1  2]
 [-1  1 -1 -2  3  0  0  2 -1  1 -1 -1  0  1 -1 -1]]


This is compressed image in the form of binary (after Huffman table) in the case of X^ = A+B-C

01011000    1           1           00          00          00          00          00          00          00          01011       0100        00          0100        011         0101011     
0101010100  01011       1           01011       00          1           1           011         1           011         011         011         00          01011       00          01010100    
0100        0100        1           00          011         1           010101011   0100        1           011         0101010100  01011       011         00          010101011   00          
0100        011         0100        011         1           01010101011 01010100    1           00          0100        0101011     010100      01011       011         0100        01011       
0100        0100        01010101011 010100      1           01010100    0101011     01011       1           1           1           0101011     010100      00          011         00          
00          1           0100        0101011     00          00          011         00          00          01011       0100        011         01011       01011       0101010100  01011       
1           00          0100        011         01011       01011       0101010100  1           0101011     010100      01011       0100        011         0100        01011       1           
010100      1           0101011     01010100    1           1           01011       011         01011       0101011     1           1           00          1           00          0100        
00          01011       010100      01011       1           1           1           0100        01011       0100        011         1           00          01011       1           011         
01011       010100      011         1           00          011         0100        010101011   010100      0101011     00          1           1           0100        011         00          
1           1           1           1           1           1           1           1           1           1           1           1           1           1           1           1           
1           1           1           1           1           1           011         00          1           1           0100        01011       00          011         1           1           
0100        01011       00          011         1           1           00          01011       00          00          0101011     0100        011         00          1           1           
011         00          00          00          01011       1           1           00          011         011         00          1           1           1           1           1           
1           1           011         0100        011         1           1           00          011         1           00          011         1           00          011         0100        
011         00          011         01011       010100      1           1           0100        011         00          011         011         1           00          011         011         


The number of bits of the compressed image (in the case of X^ = A+B-C): 799

Compression ratio (in the case of X^ = A+B-C): 2.56

Bits/pixel for the compressed image (in the case of X^ = A+B-C): 3.13

The image after Huffman decoder: 

[[88  0  0  1  1  1  1  1  1  1 -2  2  1  2 -1 -3]
 [ 5 -2  0 -2  1  0  0 -1  0 -1 -1 -1  1 -2  1  4]
 [ 2  2  0  1 -1  0 -4  2  0 -1  5 -2 -1  1 -4  1]
 [ 2 -1  2 -1  0 -5  4  0  1  2 -3  3 -2 -1  2 -2]
 [ 2  2 -5  3  0  4 -3 -2  0  0  0 -3  3  1 -1  1]
 [ 1  0  2 -3  1  1 -1  1  1 -2  2 -1 -2 -2  5 -2]
 [ 0  1  2 -1 -2 -2  5  0 -3  3 -2  2 -1  2 -2  0]
 [ 3  0 -3  4  0  0 -2 -1 -2 -3  0  0  1  0  1  2]
 [ 1 -2  3 -2  0  0  0  2 -2  2 -1  0  1 -2  0 -1]
 [-2  3 -1  0  1 -1  2 -4  3 -3  1  0  0  2 -1  1]
 [ 0  0  0  0  0  0  0  0  0  0  0  0  0  0  0  0]
 [ 0  0  0  0  0  0 -1  1  0  0  2 -2  1 -1  0  0]
 [ 2 -2  1 -1  0  0  1 -2  1  1 -3  2 -1  1  0  0]
 [-1  1  1  1 -2  0  0  1 -1 -1  1  0  0  0  0  0]
 [ 0  0 -1  2 -1  0  0  1 -1  0  1 -1  0  1 -1  2]
 [-1  1 -1 -2  3  0  0  2 -1  1 -1 -1  0  1 -1 -1]]


The image ater decompression 

[[ 88  88  88  89  90  91  92  93  94  95  93  95  96  98  97  94]
 [ 93  91  91  90  92  93  94  94  95  95  92  93  95  95  95  96]
 [ 95  95  95  95  96  97  94  96  97  96  98  97  98  99  95  97]
 [ 97  96  98  97  98  94  95  97  99 100  99 101 100 100  98  98]
 [ 99 100  97  99 100 100  98  98 100 101 100  99 101 102  99 100]
 [100 101 100  99 101 102  99 100 103 102 103 101 101 100 102 101]
 [100 102 103 101 101 100 102 103 103 105 104 104 103 104 104 103]
 [103 105 103 105 105 104 104 104 102 101 100 100 100 101 102 103]
 [104 104 105 105 105 104 104 106 102 103 101 101 102 101 102 102]
 [102 105 105 105 106 104 106 104 103 101 100 100 101 102 102 103]
 [102 105 105 105 106 104 106 104 103 101 100 100 101 102 102 103]
 [102 105 105 105 106 104 105 104 103 101 102 100 102 102 102 103]
 [104 105 106 105 106 104 106 103 103 102 100 100 101 102 102 103]
 [103 105 107 107 106 104 106 104 103 101 100 100 101 102 102 103]
 [103 105 106 108 106 104 106 105 103 101 101 100 101 103 102 105]
 [102 105 105 105 106 104 106 107 104 103 102 100 101 104 102 104]]


The RMS Error in the case of X^ = A+B-C is 0.0


**********************************************************
**********************************************************


*******  In the case of X^ = A+(B-C)/2 ***********
The coefficients after the prediction in the case of X^ = A+(B-C)/2

[[88  0  0  1  1  1  1  1  1  1 -2  2  1  2 -1 -3]
 [ 5 -2  0 -2  2  1  1 -1  1 -1 -2  0  2 -1  1  3]
 [ 2  1  0  1  0  1 -4  2  1 -1  4 -2  0  1 -4  2]
 [ 2 -1  2 -1  1 -5  3  1  2  2 -2  3 -2 -1  0 -1]
 [ 2  2 -4  3  1  2 -3 -1  1  1 -1 -2  3  1 -2  1]
 [ 1  1  1 -2  2  1 -2  1  2 -2  2 -2 -1 -2  4 -2]
 [ 0  2  2 -2 -1 -2  4  1 -2  3 -2  1 -1  2 -1 -1]
 [ 3  1 -3  3  0 -1 -1 -1 -2 -2 -1  0  1  1  1  2]
 [ 1 -1  2 -1  0 -1  0  2 -3  2 -2  0  1 -2  1 -1]
 [-2  3 -1  0  1 -2  2 -3  1 -3  0  0  1  2 -1  1]
 [ 0  2  0  0  1 -1  1 -1 -1 -1 -1  0  1  1  0  1]
 [ 0  2  0  0  1 -1  0  0 -1 -1  2 -2  2 -1  0  1]
 [ 2 -1  1 -1  1 -1  2 -3  1  0 -3  1  0  1  0  1]
 [-1  2  2  1 -2 -1  1 -1 -1 -2  0  0  1  1  0  1]
 [ 0  1  0  2 -2 -1  1  0 -2 -1  1 -1  1  2 -1  3]
 [-1  2 -1 -1  2 -1  1  2 -2  0 -1 -2  1  2 -2  1]]


This is compressed image in the form of binary (after Huffman table) in the case of X^ = A+(B-C)/2

01011000    1           1           00          00          00          00          00          00          00          01011       0100        00          0100        011         0101011     
0101010100  01011       1           01011       0100        00          00          011         00          011         01011       1           0100        011         00          010100      
0100        00          1           00          1           00          010101011   0100        00          011         01010100    01011       1           00          010101011   0100        
0100        011         0100        011         00          01010101011 010100      00          0100        0100        01011       010100      01011       011         1           011         
0100        0100        010101011   010100      00          0100        0101011     011         00          00          011         01011       010100      00          01011       00          
00          00          00          01011       0100        00          01011       00          0100        01011       0100        01011       011         01011       01010100    01011       
1           0100        0100        01011       011         01011       01010100    00          01011       010100      01011       00          011         0100        011         011         
010100      00          0101011     010100      1           011         011         011         01011       01011       011         1           00          00          00          0100        
00          011         0100        011         1           011         1           0100        0101011     0100        01011       1           00          01011       00          011         
01011       010100      011         1           00          01011       0100        0101011     00          0101011     1           1           00          0100        011         00          
1           0100        1           1           00          011         00          011         011         011         011         1           00          00          1           00          
1           0100        1           1           00          011         1           1           011         011         0100        01011       0100        011         1           00          
0100        011         00          011         00          011         0100        0101011     00          1           0101011     00          1           00          1           00          
011         0100        0100        00          01011       011         00          011         011         01011       1           1           00          00          1           00          
1           00          1           0100        01011       011         00          1           01011       011         00          011         00          0100        011         010100      
011         0100        011         011         0100        011         00          0100        01011       1           011         01011       00          0100        01011       00          


The number of bits of the compressed image (in the case of X^ = A+(B-C)/2): 846

Compression ratio (in the case of X^ = A+(B-C)/2): 2.42

Bits/pixel for the compressed image (in the case of X^ = A+(B-C)/2): 3.31

The image after Huffman decoder: 

[[88  0  0  1  1  1  1  1  1  1 -2  2  1  2 -1 -3]
 [ 5 -2  0 -2  2  1  1 -1  1 -1 -2  0  2 -1  1  3]
 [ 2  1  0  1  0  1 -4  2  1 -1  4 -2  0  1 -4  2]
 [ 2 -1  2 -1  1 -5  3  1  2  2 -2  3 -2 -1  0 -1]
 [ 2  2 -4  3  1  2 -3 -1  1  1 -1 -2  3  1 -2  1]
 [ 1  1  1 -2  2  1 -2  1  2 -2  2 -2 -1 -2  4 -2]
 [ 0  2  2 -2 -1 -2  4  1 -2  3 -2  1 -1  2 -1 -1]
 [ 3  1 -3  3  0 -1 -1 -1 -2 -2 -1  0  1  1  1  2]
 [ 1 -1  2 -1  0 -1  0  2 -3  2 -2  0  1 -2  1 -1]
 [-2  3 -1  0  1 -2  2 -3  1 -3  0  0  1  2 -1  1]
 [ 0  2  0  0  1 -1  1 -1 -1 -1 -1  0  1  1  0  1]
 [ 0  2  0  0  1 -1  0  0 -1 -1  2 -2  2 -1  0  1]
 [ 2 -1  1 -1  1 -1  2 -3  1  0 -3  1  0  1  0  1]
 [-1  2  2  1 -2 -1  1 -1 -1 -2  0  0  1  1  0  1]
 [ 0  1  0  2 -2 -1  1  0 -2 -1  1 -1  1  2 -1  3]
 [-1  2 -1 -1  2 -1  1  2 -2  0 -1 -2  1  2 -2  1]]


The image ater decompression 

[[ 88  88  88  89  90  91  92  93  94  95  93  95  96  98  97  94]
 [ 93  91  91  90  93  95  97  97  99  99  96  97 100 100 101 103]
 [ 95  95  95  96  98 100  97  99 101 100 103 102 104 105 102 105]
 [ 97  96  98  98 100  96  98 100 103 105 105 108 107 107 106 107]
 [ 99 101  98 101 103 103 101 101 104 106 105 105 108 109 107 109]
 [100 102 102 102 105 106 103 104 108 107 109 107 108 107 110 109]
 [100 103 105 103 104 103 106 108 108 111 110 110 110 112 113 112]
 [103 106 104 106 107 106 107 107 105 105 104 104 105 107 109 111]
 [104 105 106 106 107 106 107 109 105 107 105 105 107 106 108 108]
 [102 106 106 106 108 106 109 107 106 104 103 103 105 107 107 108]
 [102 106 106 106 108 106 109 107 106 104 103 103 105 107 107 109]
 [102 106 106 106 108 106 108 107 106 104 106 104 107 107 107 109]
 [104 105 106 105 107 105 108 105 106 105 103 103 105 106 106 108]
 [103 106 109 110 109 107 110 108 108 106 105 105 107 109 109 111]
 [103 106 108 111 109 107 110 109 107 105 106 105 107 110 109 113]
 [102 106 106 107 108 106 109 111 108 107 107 105 107 111 109 112]]


The RMS Error in the case of X^ = A+(B-C)/2 is 4.14


**********************************************************
**********************************************************


*******  In the case of X^ = B+(A-C)/2 ***********
The coefficients after the prediction in the case of X^ = B+(A-C)/2

[[88  0  0  1  1  1  1  1  1  1 -2  2  1  2 -1 -3]
 [ 5  1  2 -1  2  1  1  0  1 -1 -1 -2  0 -3 -1  3]
 [ 2  3  2  3  2  2 -2  2  1  0  6  1  1  3 -2  1]
 [ 2  0  3  1  1 -4  3  1  2  3 -1  4  0  0  3 -1]
 [ 2  3 -3  3  1  5  0 -1  1  1  1 -3  2  2  0  2]
 [ 1  1  3 -2  1  2  0  2  2 -1  3  1 -1 -2  4 -1]
 [ 0  1  3  1 -1 -2  4  2 -2  3 -1  3  1  3  0  1]
 [ 3  2 -2  4  2  2  0  0 -2 -4 -2 -2 -1 -2 -1  1]
 [ 1 -2  3 -1  0  0  0  2 -1  2  0  1  2 -1  0 -1]
 [-2  2 -1  0  1 -1  2 -3  2 -3  0 -1 -1  2 -1  1]
 [ 0  0  0  0  0  0  0  0  0  0  0  0  0  0  0  0]
 [ 0  0  0  0  0  0 -1  1  0  0  2 -1  1 -1  0  0]
 [ 2 -1  1 -1  0  0  1 -2  1  1 -3  1 -1  1  0  0]
 [-1  1  1  2 -1  0  0  1 -1 -1  1  0  0  0  0  0]
 [ 0  0 -1  2 -1  0  0  1 -1  0  1 -1  0  1 -1  2]
 [-1  1 -1 -3  2  0  0  2  0  2  0 -1  0  1 -1 -1]]


This is compressed image in the form of binary (after Huffman table) in the case of X^ = B+(A-C)/2

01011000    1           1           00          00          00          00          00          00          00          01011       0100        00          0100        011         0101011     
0101010100  00          0100        011         0100        00          00          1           00          011         011         01011       1           0101011     011         010100      
0100        010100      0100        010100      0100        0100        01011       0100        00          1           01010101010000          00          010100      01011       00          
0100        1           010100      00          00          010101011   010100      00          0100        010100      011         01010100    1           1           010100      011         
0100        010100      0101011     010100      00          0101010100  1           011         00          00          00          0101011     0100        0100        1           0100        
00          00          010100      01011       00          0100        1           0100        0100        011         010100      00          011         01011       01010100    011         
1           00          010100      00          011         01011       01010100    0100        01011       010100      011         010100      00          010100      1           00          
010100      0100        01011       01010100    0100        0100        1           1           01011       010101011   01011       01011       011         01011       011         00          
00          01011       010100      011         1           1           1           0100        011         0100        1           00          0100        011         1           011         
01011       0100        011         1           00          011         0100        0101011     0100        0101011     1           011         011         0100        011         00          
1           1           1           1           1           1           1           1           1           1           1           1           1           1           1           1           
1           1           1           1           1           1           011         00          1           1           0100        011         00          011         1           1           
0100        011         00          011         1           1           00          01011       00          00          0101011     00          011         00          1           1           
011         00          00          0100        011         1           1           00          011         011         00          1           1           1           1           1           
1           1           011         0100        011         1           1           00          011         1           00          011         1           00          011         0100        
011         00          011         0101011     0100        1           1           0100        1           0100        1           011         1           00          011         011         


The number of bits of the compressed image (in the case of X^ = B+(A-C)/2): 790

Compression ratio (in the case of X^ = B+(A-C)/2): 2.59

Bits/pixel for the compressed image (in the case of X^ = B+(A-C)/2): 3.09

The image after Huffman decoder: 

[[88  0  0  1  1  1  1  1  1  1 -2  2  1  2 -1 -3]
 [ 5  1  2 -1  2  1  1  0  1 -1 -1 -2  0 -3 -1  3]
 [ 2  3  2  3  2  2 -2  2  1  0  6  1  1  3 -2  1]
 [ 2  0  3  1  1 -4  3  1  2  3 -1  4  0  0  3 -1]
 [ 2  3 -3  3  1  5  0 -1  1  1  1 -3  2  2  0  2]
 [ 1  1  3 -2  1  2  0  2  2 -1  3  1 -1 -2  4 -1]
 [ 0  1  3  1 -1 -2  4  2 -2  3 -1  3  1  3  0  1]
 [ 3  2 -2  4  2  2  0  0 -2 -4 -2 -2 -1 -2 -1  1]
 [ 1 -2  3 -1  0  0  0  2 -1  2  0  1  2 -1  0 -1]
 [-2  2 -1  0  1 -1  2 -3  2 -3  0 -1 -1  2 -1  1]
 [ 0  0  0  0  0  0  0  0  0  0  0  0  0  0  0  0]
 [ 0  0  0  0  0  0 -1  1  0  0  2 -1  1 -1  0  0]
 [ 2 -1  1 -1  0  0  1 -2  1  1 -3  1 -1  1  0  0]
 [-1  1  1  2 -1  0  0  1 -1 -1  1  0  0  0  0  0]
 [ 0  0 -1  2 -1  0  0  1 -1  0  1 -1  0  1 -1  2]
 [-1  1 -1 -3  2  0  0  2  0  2  0 -1  0  1 -1 -1]]


The image ater decompression 

[[ 88  88  88  89  90  91  92  93  94  95  93  95  96  98  97  94]
 [ 93  92  92  90  93  94  95  95  96  95  92  93  95  95  95  96]
 [ 95  96  96  95  98  99  96  98  99  97  99  98  99 100  96  98]
 [ 97  97 100  98 101  97  98 100 102 102 101 103 102 102 100  99]
 [ 99 101  99 101 104 104 102 101 104 104 103 101 103 105 102 102]
 [100 103 103 101 105 107 104 104 108 105 107 104 104 104 106 103]
 [100 104 107 104 106 106 108 108 108 108 108 108 107 109 109 106]
 [103 108 107 108 110 110 110 109 107 104 104 104 104 106 107 106]
 [104 107 110 109 111 111 111 112 108 107 106 106 107 107 108 106]
 [102 108 110 109 112 111 113 110 109 105 105 105 106 109 108 107]
 [102 108 110 109 112 111 113 110 109 105 105 105 106 109 108 107]
 [102 108 110 109 112 111 112 111 110 106 108 106 108 109 108 107]
 [104 108 111 109 112 111 113 110 111 108 106 106 107 110 109 108]
 [103 109 113 112 113 112 114 112 111 107 107 107 108 111 110 109]
 [103 109 112 114 113 112 114 113 111 107 108 107 108 112 110 111]
 [102 110 112 111 114 113 115 116 113 110 110 107 108 113 110 110]]


The RMS Error in the case of X^ = B+(A-C)/2 is 4.79


**********************************************************
**********************************************************


*******  In the case of X^ = (A+B)/2 ***********
The coefficients after the prediction in the case of X^ = (A+B)/2

[[88  0  0  1  1  1  1  1  1  1 -2  2  1  2 -1 -3]
 [ 5  1  2  0  2  2  2  1  1  0 -2 -1  1 -2 -1  2]
 [ 2  2  2  3  3  3 -2  2  2  0  4  2  2  3 -2  2]
 [ 2  0  3  1  2 -4  1  2  2  3  0  3  1  1  1  1]
 [ 2  3 -2  2  2  3  1  1  2  1  0 -2  2  2 -1  2]
 [ 1  1  1 -1  2  2 -1  2  3  0  2  0  0 -2  3  0]
 [ 0  2  2  0  0 -2  3  2  0  3  0  2  1  3  1  1]
 [ 3  3 -1  3  2  2  1  1 -2 -3 -3 -2 -2 -1 -1  1]
 [ 1 -1  2  0  0 -1  0  2 -2  2 -1  1  2 -1  1 -1]
 [-2  2  0  0  1 -1  2 -2  0 -2 -1 -1  0  1  0  1]
 [ 0  2  0  0  1 -1  1 -1 -1 -1 -1  0  1  1  0  1]
 [ 0  2  0  0  1 -1  0 -1 -1 -1  2 -1  2  0  0  1]
 [ 2  1  1 -1  1 -1  2 -2  0  0 -2  0  0  1  0  1]
 [-1  1  2  1 -1 -1  1 -1 -1 -2 -1  0  1  1  0  1]
 [ 0  1  0  2 -1 -1  1  0 -1 -1  1 -1  1  2 -1  3]
 [-1  2 -1 -2  1 -1  1  2 -1  1  0 -1  1  2 -1  1]]


This is compressed image in the form of binary (after Huffman table) in the case of X^ = (A+B)/2

01011000    1           1           00          00          00          00          00          00          00          01011       0100        00          0100        011         0101011     
0101010100  00          0100        1           0100        0100        0100        00          00          1           01011       011         00          01011       011         0100        
0100        0100        0100        010100      010100      010100      01011       0100        0100        1           01010100    0100        0100        010100      01011       0100        
0100        1           010100      00          0100        010101011   00          0100        0100        010100      1           010100      00          00          00          00          
0100        010100      01011       0100        0100        010100      00          00          0100        00          1           01011       0100        0100        011         0100        
00          00          00          011         0100        0100        011         0100        010100      1           0100        1           1           01011       010100      1           
1           0100        0100        1           1           01011       010100      0100        1           010100      1           0100        00          010100      00          00          
010100      010100      011         010100      0100        0100        00          00          01011       0101011     0101011     01011       01011       011         011         00          
00          011         0100        1           1           011         1           0100        01011       0100        011         00          0100        011         00          011         
01011       0100        1           1           00          011         0100        01011       1           01011       011         011         1           00          1           00          
1           0100        1           1           00          011         00          011         011         011         011         1           00          00          1           00          
1           0100        1           1           00          011         1           011         011         011         0100        011         0100        1           1           00          
0100        00          00          011         00          011         0100        01011       1           1           01011       1           1           00          1           00          
011         00          0100        00          011         011         00          011         011         01011       011         1           00          00          1           00          
1           00          1           0100        011         011         00          1           011         011         00          011         00          0100        011         010100      
011         0100        011         01011       00          011         00          0100        011         00          1           011         00          0100        011         00          


The number of bits of the compressed image (in the case of X^ = (A+B)/2): 794

Compression ratio (in the case of X^ = (A+B)/2): 2.58

Bits/pixel for the compressed image (in the case of X^ = (A+B)/2): 3.1

The image after Huffman decoder: 

[[88  0  0  1  1  1  1  1  1  1 -2  2  1  2 -1 -3]
 [ 5  1  2  0  2  2  2  1  1  0 -2 -1  1 -2 -1  2]
 [ 2  2  2  3  3  3 -2  2  2  0  4  2  2  3 -2  2]
 [ 2  0  3  1  2 -4  1  2  2  3  0  3  1  1  1  1]
 [ 2  3 -2  2  2  3  1  1  2  1  0 -2  2  2 -1  2]
 [ 1  1  1 -1  2  2 -1  2  3  0  2  0  0 -2  3  0]
 [ 0  2  2  0  0 -2  3  2  0  3  0  2  1  3  1  1]
 [ 3  3 -1  3  2  2  1  1 -2 -3 -3 -2 -2 -1 -1  1]
 [ 1 -1  2  0  0 -1  0  2 -2  2 -1  1  2 -1  1 -1]
 [-2  2  0  0  1 -1  2 -2  0 -2 -1 -1  0  1  0  1]
 [ 0  2  0  0  1 -1  1 -1 -1 -1 -1  0  1  1  0  1]
 [ 0  2  0  0  1 -1  0 -1 -1 -1  2 -1  2  0  0  1]
 [ 2  1  1 -1  1 -1  2 -2  0  0 -2  0  0  1  0  1]
 [-1  1  2  1 -1 -1  1 -1 -1 -2 -1  0  1  1  0  1]
 [ 0  1  0  2 -1 -1  1  0 -1 -1  1 -1  1  2 -1  3]
 [-1  2 -1 -2  1 -1  1  2 -1  1  0 -1  1  2 -1  1]]


The image ater decompression 

[[ 88  88  88  89  90  91  92  93  94  95  93  95  96  98  97  94]
 [ 93  92  92  91  93  94  95  95  96  96  93  93  96  95  95  97]
 [ 95  96  96  97  98  99  95  97  99  98 100  99 100 101  96  99]
 [ 97  97 100 100 101  96  97  99 101 103 102 104 103 103 101 101]
 [ 99 101  99 102 104 103 101 101 103 104 103 102 105 106 103 104]
 [100 102 102 101 105 106 103 104 107 106 107 105 105 104 107 106]
 [100 103 105 103 104 103 106 107 107 110 109 109 108 109 109 109]
 [103 106 105 107 108 108 108 109 106 105 104 105 105 106 107 109]
 [104 104 107 107 108 107 108 111 107 108 105 106 108 106 108 108]
 [102 105 106 107 109 107 110 109 108 106 105 105 107 108 108 109]
 [102 106 106 107 109 107 110 109 108 106 105 105 107 109 109 110]
 [102 106 106 107 109 107 109 108 107 106 108 106 109 109 109 111]
 [104 106 107 106 109 107 110 107 107 107 106 106 108 110 110 112]
 [103 106 109 109 108 107 110 108 107 105 105 106 108 110 110 112]
 [103 106 108 111 109 107 110 109 107 105 106 105 108 111 110 114]
 [102 106 106 107 109 107 110 112 109 108 107 105 108 112 110 113]]


The RMS Error in the case of X^ = (A+B)/2 is 3.99


**********************************************************
**********************************************************


*********************###############***************************
The table value of compression ratio, Bits/pixel and RMSE of 7 cases: 



Object            Cr        Bpix      RMSE      
X^ = A            2.64      3.03      0.0       
X^ = B            2.59      3.09      0.0       
X^ = C            2.16      3.7       0.0       
X^ = A+B-C        2.56      3.13      0.0       
X^ = A+(B-C)/2    2.42      3.31      4.14      
X^ = B+(A-C)/2    2.59      3.09      4.79      
X^ = (A+B)/2      2.58      3.1       3.99      




